16
1 12 15 14 6 5 11 13 16 9 7 10 2 8 3 4
10 5 7 6 8 4 2 9 1 12 11 3 14 13 15 16
2 8 3 13 16 7 12 15 6 5 14 4 1 11 10 9
16 4 11 9 10 1 14 3 2 8 15 13 12 5 7 6
9 7 16 5 2 11 3 6 13 1 4 14 8 15 12 10
6 3 2 10 5 16 4 1 12 11 8 15 9 7 14 13
8 13 4 1 9 12 15 14 10 7 3 16 5 2 6 11
14 11 12 15 13 8 7 10 5 2 6 9 16 1 4 3
4 16 8 2 1 3 6 5 9 15 10 7 13 12 11 14
5 1 6 3 4 15 16 2 14 13 12 11 10 9 8 7
12 9 10 7 14 13 8 11 3 4 1 2 6 16 5 15
13 15 14 11 12 9 10 7 8 16 5 6 3 4 1 2
3 2 1 16 7 6 5 4 11 10 9 8 15 14 13 12
7 6 5 4 3 2 1 16 15 14 13 12 11 10 9 8
11 10 9 8 15 14 13 12 4 3 2 1 7 6 16 5
15 14 13 12 11 10 9 8 7 6 16 5 4 3 2 1