16
0 0 0 0 0 8 0 11 13 0 0 15 0 12 7 5
0 13 0 8 10 16 0 2 12 0 0 9 0 0 0 11
0 2 0 0 6 0 0 0 0 3 1 0 0 0 0 0
14 1 0 0 15 0 4 12 5 0 6 16 0 3 0 13
6 8 0 13 14 2 0 0 0 0 0 11 10 0 0 0
0 0 0 0 16 0 9 0 0 0 0 0 13 0 0 0
2 0 12 16 0 3 8 0 0 0 0 0 0 1 0 0
0 0 3 0 12 0 0 4 9 0 8 6 0 14 0 0
0 0 0 0 9 4 6 0 0 2 0 0 16 0 10 0
12 0 15 9 5 1 0 0 0 0 0 0 4 0 13 7
0 3 0 0 0 0 0 0 0 1 0 0 0 0 12 6
10 0 11 0 0 0 0 13 0 0 5 8 0 9 0 0
8 14 0 0 13 5 15 0 0 0 0 0 0 0 0 16
0 6 0 0 0 0 0 0 0 0 4 0 1 0 0 0 
0 0 0 0 0 0 0 3 6 0 12 2 0 0 15 0
4 0 0 0 0 0 0 8 0 11 7 0 0 0 0 0