16
16 9 6 4 3 8 1 11 13 10 2 15 14 12 7 5
3 13 7 8 10 16 5 2 12 4 14 9 15 6 1 11
15 2 5 12 6 13 14 9 11 3 1 7 8 16 4 10
14 1 10 11 15 7 4 12 5 8 6 16 9 3 2 13
6 8 9 13 14 2 7 1 4 12 16 11 10 5 3 15
11 15 4 14 16 6 9 10 2 5 3 1 13 7 8 12
2 7 12 16 11 3 8 5 10 13 15 14 6 1 9 4
1 10 3 5 12 15 13 4 9 7 8 6 11 14 16 2
7 5 8 1 9 4 6 15 14 2 13 12 16 11 10 3
12 16 15 9 5 1 2 14 3 6 11 10 4 8 13 7
13 3 14 2 8 10 11 16 7 1 9 4 5 15 12 6
10 4 11 6 7 12 3 13 15 16 5 8 2 9 14 1
8 14 2 7 13 5 15 6 1 9 10 3 12 4 11 16
9 6 16 3 2 11 12 7 8 15 4 13 1 10 5 14
5 11 1 10 4 9 16 3 6 14 12 2 7 13 15 8
4 12 13 15 1 14 10 8 16 11 7 5 3 2 6 9